{
  "nbformat": 4,
  "nbformat_minor": 0,
  "metadata": {
    "colab": {
      "provenance": [],
      "authorship_tag": "ABX9TyMloRfvirQv2SuSOo7MZBrx",
      "include_colab_link": true
    },
    "kernelspec": {
      "name": "python3",
      "display_name": "Python 3"
    },
    "language_info": {
      "name": "python"
    }
  },
  "cells": [
    {
      "cell_type": "markdown",
      "metadata": {
        "id": "view-in-github",
        "colab_type": "text"
      },
      "source": [
        "<a href=\"https://colab.research.google.com/github/romenmeitei/Dengue-cases-in-Manipur/blob/main/Climate_data_acquisition.ipynb\" target=\"_parent\"><img src=\"https://colab.research.google.com/assets/colab-badge.svg\" alt=\"Open In Colab\"/></a>"
      ]
    },
    {
      "cell_type": "markdown",
      "source": [
        "# This Google Colab script provides the Data Acquisition of climatic and vegetative indicators in Manipur using GEE"
      ],
      "metadata": {
        "id": "hS4d28q_DtHj"
      }
    },
    {
      "cell_type": "markdown",
      "source": [
        "## **Mapping of Manipur, India**\n",
        "The region of interest (ROI) of Manuipur was determibed and visualized using Folium."
      ],
      "metadata": {
        "id": "ImDQjcAlfmRx"
      }
    },
    {
      "cell_type": "code",
      "execution_count": 1,
      "metadata": {
        "colab": {
          "base_uri": "https://localhost:8080/",
          "height": 877
        },
        "id": "jlBzYBEkfQD4",
        "outputId": "234ac006-cb65-431c-bb1a-c7581016664e"
      },
      "outputs": [
        {
          "output_type": "stream",
          "name": "stdout",
          "text": [
            "Requirement already satisfied: folium in /usr/local/lib/python3.11/dist-packages (0.19.5)\n",
            "Requirement already satisfied: branca>=0.6.0 in /usr/local/lib/python3.11/dist-packages (from folium) (0.8.1)\n",
            "Requirement already satisfied: jinja2>=2.9 in /usr/local/lib/python3.11/dist-packages (from folium) (3.1.6)\n",
            "Requirement already satisfied: numpy in /usr/local/lib/python3.11/dist-packages (from folium) (1.26.4)\n",
            "Requirement already satisfied: requests in /usr/local/lib/python3.11/dist-packages (from folium) (2.32.3)\n",
            "Requirement already satisfied: xyzservices in /usr/local/lib/python3.11/dist-packages (from folium) (2025.1.0)\n",
            "Requirement already satisfied: MarkupSafe>=2.0 in /usr/local/lib/python3.11/dist-packages (from jinja2>=2.9->folium) (3.0.2)\n",
            "Requirement already satisfied: charset-normalizer<4,>=2 in /usr/local/lib/python3.11/dist-packages (from requests->folium) (3.4.1)\n",
            "Requirement already satisfied: idna<4,>=2.5 in /usr/local/lib/python3.11/dist-packages (from requests->folium) (3.10)\n",
            "Requirement already satisfied: urllib3<3,>=1.21.1 in /usr/local/lib/python3.11/dist-packages (from requests->folium) (2.3.0)\n",
            "Requirement already satisfied: certifi>=2017.4.17 in /usr/local/lib/python3.11/dist-packages (from requests->folium) (2025.1.31)\n"
          ]
        },
        {
          "output_type": "execute_result",
          "data": {
            "text/plain": [
              "<folium.folium.Map at 0x7aa70b42a710>"
            ],
            "text/html": [
              "<div style=\"width:100%;\"><div style=\"position:relative;width:100%;height:0;padding-bottom:60%;\"><span style=\"color:#565656\">Make this Notebook Trusted to load map: File -> Trust Notebook</span><iframe srcdoc=\"&lt;!DOCTYPE html&gt;\n",
              "&lt;html&gt;\n",
              "&lt;head&gt;\n",
              "    \n",
              "    &lt;meta http-equiv=&quot;content-type&quot; content=&quot;text/html; charset=UTF-8&quot; /&gt;\n",
              "    \n",
              "        &lt;script&gt;\n",
              "            L_NO_TOUCH = false;\n",
              "            L_DISABLE_3D = false;\n",
              "        &lt;/script&gt;\n",
              "    \n",
              "    &lt;style&gt;html, body {width: 100%;height: 100%;margin: 0;padding: 0;}&lt;/style&gt;\n",
              "    &lt;style&gt;#map {position:absolute;top:0;bottom:0;right:0;left:0;}&lt;/style&gt;\n",
              "    &lt;script src=&quot;https://cdn.jsdelivr.net/npm/leaflet@1.9.3/dist/leaflet.js&quot;&gt;&lt;/script&gt;\n",
              "    &lt;script src=&quot;https://code.jquery.com/jquery-3.7.1.min.js&quot;&gt;&lt;/script&gt;\n",
              "    &lt;script src=&quot;https://cdn.jsdelivr.net/npm/bootstrap@5.2.2/dist/js/bootstrap.bundle.min.js&quot;&gt;&lt;/script&gt;\n",
              "    &lt;script src=&quot;https://cdnjs.cloudflare.com/ajax/libs/Leaflet.awesome-markers/2.0.2/leaflet.awesome-markers.js&quot;&gt;&lt;/script&gt;\n",
              "    &lt;link rel=&quot;stylesheet&quot; href=&quot;https://cdn.jsdelivr.net/npm/leaflet@1.9.3/dist/leaflet.css&quot;/&gt;\n",
              "    &lt;link rel=&quot;stylesheet&quot; href=&quot;https://cdn.jsdelivr.net/npm/bootstrap@5.2.2/dist/css/bootstrap.min.css&quot;/&gt;\n",
              "    &lt;link rel=&quot;stylesheet&quot; href=&quot;https://netdna.bootstrapcdn.com/bootstrap/3.0.0/css/bootstrap-glyphicons.css&quot;/&gt;\n",
              "    &lt;link rel=&quot;stylesheet&quot; href=&quot;https://cdn.jsdelivr.net/npm/@fortawesome/fontawesome-free@6.2.0/css/all.min.css&quot;/&gt;\n",
              "    &lt;link rel=&quot;stylesheet&quot; href=&quot;https://cdnjs.cloudflare.com/ajax/libs/Leaflet.awesome-markers/2.0.2/leaflet.awesome-markers.css&quot;/&gt;\n",
              "    &lt;link rel=&quot;stylesheet&quot; href=&quot;https://cdn.jsdelivr.net/gh/python-visualization/folium/folium/templates/leaflet.awesome.rotate.min.css&quot;/&gt;\n",
              "    \n",
              "            &lt;meta name=&quot;viewport&quot; content=&quot;width=device-width,\n",
              "                initial-scale=1.0, maximum-scale=1.0, user-scalable=no&quot; /&gt;\n",
              "            &lt;style&gt;\n",
              "                #map_ce7b680a3337296de47d597fbb089a6d {\n",
              "                    position: relative;\n",
              "                    width: 100.0%;\n",
              "                    height: 100.0%;\n",
              "                    left: 0.0%;\n",
              "                    top: 0.0%;\n",
              "                }\n",
              "                .leaflet-container { font-size: 1rem; }\n",
              "            &lt;/style&gt;\n",
              "        \n",
              "&lt;/head&gt;\n",
              "&lt;body&gt;\n",
              "    \n",
              "    \n",
              "            &lt;div class=&quot;folium-map&quot; id=&quot;map_ce7b680a3337296de47d597fbb089a6d&quot; &gt;&lt;/div&gt;\n",
              "        \n",
              "&lt;/body&gt;\n",
              "&lt;script&gt;\n",
              "    \n",
              "    \n",
              "            var map_ce7b680a3337296de47d597fbb089a6d = L.map(\n",
              "                &quot;map_ce7b680a3337296de47d597fbb089a6d&quot;,\n",
              "                {\n",
              "                    center: [24.8, 93.9],\n",
              "                    crs: L.CRS.EPSG3857,\n",
              "                    ...{\n",
              "  &quot;zoom&quot;: 10,\n",
              "  &quot;zoomControl&quot;: true,\n",
              "  &quot;preferCanvas&quot;: false,\n",
              "}\n",
              "\n",
              "                }\n",
              "            );\n",
              "\n",
              "            \n",
              "\n",
              "        \n",
              "    \n",
              "            var tile_layer_b79c6e27aacd9174c6068f85cc1f05cf = L.tileLayer(\n",
              "                &quot;https://tile.openstreetmap.org/{z}/{x}/{y}.png&quot;,\n",
              "                {\n",
              "  &quot;minZoom&quot;: 0,\n",
              "  &quot;maxZoom&quot;: 19,\n",
              "  &quot;maxNativeZoom&quot;: 19,\n",
              "  &quot;noWrap&quot;: false,\n",
              "  &quot;attribution&quot;: &quot;\\u0026copy; \\u003ca href=\\&quot;https://www.openstreetmap.org/copyright\\&quot;\\u003eOpenStreetMap\\u003c/a\\u003e contributors&quot;,\n",
              "  &quot;subdomains&quot;: &quot;abc&quot;,\n",
              "  &quot;detectRetina&quot;: false,\n",
              "  &quot;tms&quot;: false,\n",
              "  &quot;opacity&quot;: 1,\n",
              "}\n",
              "\n",
              "            );\n",
              "        \n",
              "    \n",
              "            tile_layer_b79c6e27aacd9174c6068f85cc1f05cf.addTo(map_ce7b680a3337296de47d597fbb089a6d);\n",
              "        \n",
              "    \n",
              "            var polygon_5215f58f012c7d871e7d1c004d6041d8 = L.polygon(\n",
              "                [[25.683784, 94.593247], [25.692452, 94.570582], [25.612562, 94.487478], [25.593356, 94.424291], [25.536959, 94.413302], [25.504719, 94.321269], [25.492318, 94.214127], [25.52642, 94.184594], [25.546877, 94.186654], [25.549976, 94.154374], [25.5196, 94.139264], [25.530759, 94.08638], [25.546257, 94.093248], [25.593976, 94.015638], [25.564231, 93.966874], [25.540678, 93.767012], [25.498519, 93.748468], [25.483635, 93.808908], [25.203612, 93.598057], [25.304272, 93.469623], [25.209828, 93.359733], [25.138326, 93.334321], [25.048733, 93.294486], [25.047488, 93.26564], [25.007025, 93.242288], [24.800768, 93.177728], [24.817605, 93.116602], [24.712802, 93.081574], [24.489801, 93.037618], [24.256383, 93.004651], [24.116627, 92.96619], [24.063317, 93.134459], [24.02881, 93.256024], [24.097814, 93.349431], [24.073981, 93.420172], [23.972325, 93.462755], [23.950352, 93.537617], [24.004355, 93.757452], [23.920857, 93.804155], [23.898247, 94.047974], [23.836049, 94.133825], [24.084662, 94.262259], [24.231971, 94.29866], [24.456054, 94.414044], [24.7097, 94.563769], [24.926077, 94.705939], [25.11844, 94.752642], [25.168816, 94.661296], [25.210468, 94.577505], [25.362659, 94.629703], [25.465047, 94.687395], [25.514039, 94.558961], [25.591516, 94.559648], [25.667085, 94.596736], [25.683784, 94.593247]],\n",
              "                {&quot;bubblingMouseEvents&quot;: true, &quot;color&quot;: &quot;blue&quot;, &quot;dashArray&quot;: null, &quot;dashOffset&quot;: null, &quot;fill&quot;: true, &quot;fillColor&quot;: &quot;blue&quot;, &quot;fillOpacity&quot;: 0.4, &quot;fillRule&quot;: &quot;evenodd&quot;, &quot;lineCap&quot;: &quot;round&quot;, &quot;lineJoin&quot;: &quot;round&quot;, &quot;noClip&quot;: false, &quot;opacity&quot;: 1.0, &quot;smoothFactor&quot;: 1.0, &quot;stroke&quot;: true, &quot;weight&quot;: 2}\n",
              "            ).addTo(map_ce7b680a3337296de47d597fbb089a6d);\n",
              "        \n",
              "    \n",
              "        var popup_e36ac05a796cb766b5d61dec5c636904 = L.popup({\n",
              "  &quot;maxWidth&quot;: &quot;100%&quot;,\n",
              "});\n",
              "\n",
              "        \n",
              "            \n",
              "                var html_a3baa6481190fe8d4aac423dfe5ae9cb = $(`&lt;div id=&quot;html_a3baa6481190fe8d4aac423dfe5ae9cb&quot; style=&quot;width: 100.0%; height: 100.0%;&quot;&gt;Manipur Region of Interest&lt;/div&gt;`)[0];\n",
              "                popup_e36ac05a796cb766b5d61dec5c636904.setContent(html_a3baa6481190fe8d4aac423dfe5ae9cb);\n",
              "            \n",
              "        \n",
              "\n",
              "        polygon_5215f58f012c7d871e7d1c004d6041d8.bindPopup(popup_e36ac05a796cb766b5d61dec5c636904)\n",
              "        ;\n",
              "\n",
              "        \n",
              "    \n",
              "    \n",
              "            tile_layer_b79c6e27aacd9174c6068f85cc1f05cf.addTo(map_ce7b680a3337296de47d597fbb089a6d);\n",
              "        \n",
              "&lt;/script&gt;\n",
              "&lt;/html&gt;\" style=\"position:absolute;width:100%;height:100%;left:0;top:0;border:none !important;\" allowfullscreen webkitallowfullscreen mozallowfullscreen></iframe></div></div>"
            ]
          },
          "metadata": {},
          "execution_count": 1
        }
      ],
      "source": [
        "!pip install folium\n",
        "import folium\n",
        "\n",
        "# Coordinates for the polygon (ROI of Manipur)\n",
        "roi_coordinates = [\n",
        "    [25.683784, 94.593247], [25.692452, 94.570582], [25.612562, 94.487478], [25.593356, 94.424291],\n",
        "    [25.536959, 94.413302], [25.504719, 94.321269], [25.492318, 94.214127], [25.52642, 94.184594],\n",
        "    [25.546877, 94.186654], [25.549976, 94.154374], [25.5196, 94.139264], [25.530759, 94.08638],\n",
        "    [25.546257, 94.093248], [25.593976, 94.015638], [25.564231, 93.966874], [25.540678, 93.767012],\n",
        "    [25.498519, 93.748468], [25.483635, 93.808908], [25.203612, 93.598057], [25.304272, 93.469623],\n",
        "    [25.209828, 93.359733], [25.138326, 93.334321], [25.048733, 93.294486], [25.047488, 93.26564],\n",
        "    [25.007025, 93.242288], [24.800768, 93.177728], [24.817605, 93.116602], [24.712802, 93.081574],\n",
        "    [24.489801, 93.037618], [24.256383, 93.004651], [24.116627, 92.96619], [24.063317, 93.134459],\n",
        "    [24.02881, 93.256024], [24.097814, 93.349431], [24.073981, 93.420172], [23.972325, 93.462755],\n",
        "    [23.950352, 93.537617], [24.004355, 93.757452], [23.920857, 93.804155], [23.898247, 94.047974],\n",
        "    [23.836049, 94.133825], [24.084662, 94.262259], [24.231971, 94.29866], [24.456054, 94.414044],\n",
        "    [24.7097, 94.563769], [24.926077, 94.705939], [25.11844, 94.752642], [25.168816, 94.661296],\n",
        "    [25.210468, 94.577505], [25.362659, 94.629703], [25.465047, 94.687395], [25.514039, 94.558961],\n",
        "    [25.591516, 94.559648], [25.667085, 94.596736], [25.683784, 94.593247]  # Closing the polygon\n",
        "]\n",
        "\n",
        "# Create a map centered at an approximate location of Manipur\n",
        "map_center = [24.8, 93.9]  # Adjust as necessary\n",
        "map_object = folium.Map(location=map_center, zoom_start=10)\n",
        "\n",
        "# Add the polygon (ROI of Manipur) to the map\n",
        "folium.Polygon(\n",
        "    locations=roi_coordinates,\n",
        "    color='blue',\n",
        "    weight=2,\n",
        "    fill=True,\n",
        "    fill_color='blue',\n",
        "    fill_opacity=0.4,\n",
        "    popup=\"Manipur Region of Interest\"\n",
        ").add_to(map_object)\n",
        "\n",
        "# Save the map to an HTML file\n",
        "map_object.save(\"manipur_roi_map.html\")\n",
        "\n",
        "# Display the map in a Jupyter Notebook (if running in a notebook environment)\n",
        "map_object\n"
      ]
    },
    {
      "cell_type": "markdown",
      "source": [
        "## **Data Acquisition\n",
        "1. MODIS Land Surface Temperature\n",
        "2. CHIRPS Precipitation\n",
        "3. NDVI (Normalized Difference Vegetation Index)"
      ],
      "metadata": {
        "id": "vEAHFa0GhI-m"
      }
    },
    {
      "cell_type": "code",
      "source": [
        "import ee\n",
        "import pandas as pd\n",
        "import matplotlib.pyplot as plt\n",
        "import seaborn as sns\n",
        "import numpy as np\n",
        "\n",
        "# Authenticate and initialize Earth Engine\n",
        "try:\n",
        "    ee.Initialize()\n",
        "except ee.EEException:\n",
        "    ee.Authenticate()\n",
        "    ee.Initialize(project='woven-name-441217-g5')\n",
        "\n",
        "# Define the region of interest (ROI) with updated coordinates\n",
        "roi = ee.Geometry.Polygon([\n",
        "    [\n",
        "        [94.593247, 25.683784], [94.570582, 25.692452], [94.487478, 25.612562], [94.424291, 25.593356],\n",
        "        [94.413302, 25.536959], [94.321269, 25.504719], [94.214127, 25.492318], [94.184594, 25.52642],\n",
        "        [94.186654, 25.546877], [94.154374, 25.549976], [94.139264, 25.5196], [94.08638, 25.530759],\n",
        "        [94.093248, 25.546257], [94.015638, 25.593976], [93.966874, 25.564231], [93.767012, 25.540678],\n",
        "        [93.748468, 25.498519], [93.808908, 25.483635], [93.598057, 25.203612], [93.469623, 25.304272],\n",
        "        [93.359733, 25.209828], [93.334321, 25.138326], [93.294486, 25.048733], [93.26564, 25.047488],\n",
        "        [93.242288, 25.007025], [93.177728, 24.800768], [93.116602, 24.817605], [93.081574, 24.712802],\n",
        "        [93.037618, 24.489801], [93.004651, 24.256383], [92.96619, 24.116627], [93.134459, 24.063317],\n",
        "        [93.256024, 24.02881], [93.349431, 24.097814], [93.420172, 24.073981], [93.462755, 23.972325],\n",
        "        [93.537617, 23.950352], [93.757452, 24.004355], [93.804155, 23.920857], [94.047974, 23.898247],\n",
        "        [94.133825, 23.836049], [94.262259, 24.084662], [94.29866, 24.231971], [94.414044, 24.456054],\n",
        "        [94.563769, 24.7097], [94.705939, 24.926077], [94.752642, 25.11844], [94.661296, 25.168816],\n",
        "        [94.577505, 25.210468], [94.629703, 25.362659], [94.687395, 25.465047], [94.558961, 25.514039],\n",
        "        [94.559648, 25.591516], [94.596736, 25.667085], [94.593247, 25.683784]\n",
        "    ]\n",
        "])\n",
        "\n",
        "# Define the study period\n",
        "start_year = 2019\n",
        "end_year = 2024\n",
        "months = range(1, 13)\n",
        "\n",
        "# Initialize lists for storing data\n",
        "temperature_data, precipitation_data, ndvi_data, time_labels = [], [], [], []\n",
        "\n",
        "# Function to fetch MODIS LST (temperature)\n",
        "def get_temperature(year, month):\n",
        "    dataset = ee.ImageCollection(\"MODIS/061/MOD11A2\").filterDate(\n",
        "        f\"{year}-{month:02d}-01\", f\"{year}-{month:02d}-28\"\n",
        "    ).filterBounds(roi)\n",
        "\n",
        "    if dataset.size().getInfo() > 0:\n",
        "        lst_day = dataset.select(\"LST_Day_1km\").mean().multiply(0.02).subtract(273.15)\n",
        "        lst_mean = lst_day.reduceRegion(\n",
        "            reducer=ee.Reducer.mean(), geometry=roi, scale=1000, maxPixels=1e13\n",
        "        )\n",
        "        return lst_mean.getInfo().get(\"LST_Day_1km\", None)\n",
        "    else:\n",
        "        return None\n",
        "\n",
        "# Function to fetch CHIRPS precipitation data\n",
        "def get_precipitation(year, month):\n",
        "    dataset = ee.ImageCollection(\"UCSB-CHG/CHIRPS/DAILY\").filterDate(\n",
        "        f\"{year}-{month:02d}-01\", f\"{year}-{month:02d}-28\"\n",
        "    ).filterBounds(roi)\n",
        "\n",
        "    precipitation = dataset.select(\"precipitation\").sum()\n",
        "    precipitation_mean = precipitation.reduceRegion(\n",
        "        reducer=ee.Reducer.mean(), geometry=roi, scale=5000, maxPixels=1e13\n",
        "    )\n",
        "    return precipitation_mean.getInfo().get(\"precipitation\", None)\n",
        "\n",
        "# Function to fetch MODIS NDVI\n",
        "def get_ndvi(year, month):\n",
        "    dataset = ee.ImageCollection(\"MODIS/061/MOD13A2\").filterDate(\n",
        "        f\"{year}-{month:02d}-01\", f\"{year}-{month:02d}-28\"\n",
        "    ).filterBounds(roi)\n",
        "    ndvi = dataset.select(\"NDVI\").mean()\n",
        "    ndvi_mean = ndvi.reduceRegion(\n",
        "        reducer=ee.Reducer.mean(), geometry=roi, scale=500, maxPixels=1e13\n",
        "    )\n",
        "    return ndvi_mean.getInfo().get(\"NDVI\", None)\n",
        "\n",
        "# Fetch data for each year and month\n",
        "for year in range(start_year, end_year + 1):\n",
        "    for month in months:\n",
        "        temperature_data.append(get_temperature(year, month) or np.nan)\n",
        "        precipitation_data.append(get_precipitation(year, month) or np.nan)\n",
        "        ndvi_data.append(get_ndvi(year, month) or np.nan)\n",
        "        time_labels.append(f\"{year}-{month:02d}\")\n",
        "\n",
        "# Create a DataFrame\n",
        "df = pd.DataFrame({\n",
        "    \"Time\": time_labels,\n",
        "    \"Temperature (°C)\": temperature_data,\n",
        "    \"Precipitation (mm)\": precipitation_data,\n",
        "    \"NDVI\": ndvi_data\n",
        "})\n",
        "\n",
        "# Interpolate missing data\n",
        "df.interpolate(method=\"linear\", inplace=True)\n",
        "\n",
        "# Summary\n",
        "print(\"Data Summary:\")\n",
        "print(df.describe())\n",
        "\n",
        "# Plotting with Seaborn for improved aesthetics\n",
        "sns.set_theme(style=\"whitegrid\")\n",
        "plt.figure(figsize=(18, 12))\n",
        "\n",
        "# Temperature\n",
        "plt.subplot(3, 1, 1)\n",
        "sns.lineplot(x=\"Time\", y=\"Temperature (°C)\", data=df, marker=\"o\", color=\"red\")\n",
        "plt.title(\"Temperature (°C) Trend (2019-2024)\")\n",
        "plt.xticks(rotation=90, fontsize=8)\n",
        "plt.ylabel(\"Temperature (°C)\")\n",
        "plt.grid(True)\n",
        "\n",
        "# Precipitation\n",
        "plt.subplot(3, 1, 2)\n",
        "sns.lineplot(x=\"Time\", y=\"Precipitation (mm)\", data=df, marker=\"o\", color=\"blue\")\n",
        "plt.title(\"Precipitation Trend (2019-2024)\")\n",
        "plt.xticks(rotation=90, fontsize=8)\n",
        "plt.ylabel(\"Precipitation (mm)\")\n",
        "plt.grid(True)\n",
        "\n",
        "# NDVI\n",
        "plt.subplot(3, 1, 3)\n",
        "sns.lineplot(x=\"Time\", y=\"NDVI\", data=df, marker=\"o\", color=\"green\")\n",
        "plt.title(\"NDVI Trend (2019-2024)\")\n",
        "plt.xticks(rotation=90, fontsize=8)\n",
        "plt.ylabel(\"NDVI\")\n",
        "plt.grid(True)\n",
        "\n",
        "plt.tight_layout()\n",
        "plt.show()\n"
      ],
      "metadata": {
        "colab": {
          "base_uri": "https://localhost:8080/",
          "height": 985
        },
        "id": "34mQcX9pGyE-",
        "outputId": "1afbfb60-eca6-453e-c994-9282daf4821c"
      },
      "execution_count": 2,
      "outputs": [
        {
          "output_type": "stream",
          "name": "stderr",
          "text": [
            "<ipython-input-2-8699a9ef1a2b>:97: FutureWarning: DataFrame.interpolate with object dtype is deprecated and will raise in a future version. Call obj.infer_objects(copy=False) before interpolating instead.\n",
            "  df.interpolate(method=\"linear\", inplace=True)\n"
          ]
        },
        {
          "output_type": "stream",
          "name": "stdout",
          "text": [
            "Data Summary:\n",
            "       Temperature (°C)  Precipitation (mm)         NDVI\n",
            "count         72.000000           72.000000    72.000000\n",
            "mean          23.868692          120.135817  6877.716846\n",
            "std            3.905684          101.604570  1294.646772\n",
            "min           15.762591            1.907460  2169.938951\n",
            "25%           21.096190           27.051022  6434.564390\n",
            "50%           25.229472          107.150828  7019.280137\n",
            "75%           26.717584          194.799119  7862.398395\n",
            "max           28.925444          385.387337  8530.463207\n"
          ]
        },
        {
          "output_type": "display_data",
          "data": {
            "text/plain": [
              "<Figure size 1800x1200 with 3 Axes>"
            ],
